timestamp,CH1,CH2,CH3,CH4
2026-03-30T23:49:45.860874,1.354,0.09,0.0,0.396
2026-03-30T23:49:45.879217,1.354,0.094,0.0,0.4
2026-03-30T23:49:45.879325,1.349,0.094,0.0,0.396
2026-03-30T23:49:45.879381,1.354,0.09,0.0,0.396
2026-03-30T23:49:45.879471,1.354,0.089,0.0,0.392
2026-03-30T23:49:45.893659,1.356,0.091,0.0,0.399
2026-03-30T23:49:45.893775,1.325,0.082,0.0,0.386
2026-03-30T23:49:45.893832,1.323,0.085,0.0,0.38
2026-03-30T23:49:45.893884,1.31,0.08,0.0,0.383
2026-03-30T23:49:45.893952,1.319,0.085,0.0,0.383
2026-03-30T23:49:45.894009,1.314,0.083,0.0,0.376
2026-03-30T23:49:45.894061,1.321,0.087,0.0,0.384
2026-03-30T23:49:45.894140,1.318,0.093,0.0,0.398
2026-03-30T23:49:45.894250,1.332,0.09,0.0,0.433
2026-03-30T23:49:45.894316,1.328,0.092,0.0,0.425
2026-03-30T23:49:45.894398,1.328,0.095,0.0,0.425
2026-03-30T23:49:45.894550,1.322,0.091,0.0,0.398
2026-03-30T23:49:45.894813,1.324,0.098,0.0,0.412
2026-03-30T23:49:45.895062,1.318,0.096,0.0,0.411
2026-03-30T23:49:45.895592,1.308,0.098,0.0,0.411
2026-03-30T23:49:45.895800,1.302,0.093,0.0,0.4
2026-03-30T23:49:45.895982,1.302,0.11,0.0,0.395
2026-03-30T23:49:45.896090,1.292,0.105,0.0,0.402
2026-03-30T23:49:45.896159,1.287,0.109,0.0,0.408
2026-03-30T23:49:45.896224,1.283,0.109,0.0,0.425
2026-03-30T23:49:45.896286,1.275,0.109,0.0,0.423
2026-03-30T23:49:45.896351,1.272,0.112,0.0,0.428
2026-03-30T23:49:45.896411,1.26,0.112,0.0,0.429
2026-03-30T23:49:45.896461,1.254,0.114,0.0,0.426
2026-03-30T23:49:45.896510,1.256,0.133,0.0,0.443
2026-03-30T23:49:45.896560,1.262,0.134,0.0,0.441
2026-03-30T23:49:45.896610,1.265,0.132,0.0,0.444
2026-03-30T23:49:45.896659,1.259,0.131,0.0,0.449
2026-03-30T23:49:45.896709,1.237,0.13,0.0,0.446
2026-03-30T23:49:45.896759,1.237,0.131,0.0,0.443
2026-03-30T23:49:45.896819,1.237,0.132,0.0,0.443
2026-03-30T23:49:45.896880,1.237,0.131,0.0,0.437
2026-03-30T23:49:45.896935,1.214,0.133,0.0,0.405
2026-03-30T23:49:45.897080,1.218,0.133,0.0,0.412
2026-03-30T23:49:45.897151,1.221,0.127,0.0,0.403
2026-03-30T23:49:45.897205,1.225,0.13,0.0,0.402
2026-03-30T23:49:45.897256,1.219,0.135,0.0,0.398
2026-03-30T23:49:45.897306,1.206,0.137,0.0,0.402
2026-03-30T23:49:45.897354,1.211,0.133,0.0,0.4
2026-03-30T23:49:45.897402,1.178,0.137,0.0,0.376
2026-03-30T23:49:45.897452,1.179,0.137,0.0,0.376
2026-03-30T23:49:45.897498,1.181,0.137,0.0,0.372
2026-03-30T23:49:45.897546,1.179,0.141,0.0,0.372
2026-03-30T23:49:45.897592,1.186,0.143,0.0,0.374
2026-03-30T23:49:45.897641,1.176,0.142,0.0,0.376
2026-03-30T23:49:45.897688,1.195,0.142,0.0,0.387
2026-03-30T23:49:45.897734,1.193,0.143,0.0,0.398
2026-03-30T23:49:45.897779,1.146,0.16,0.0,0.41
2026-03-30T23:49:45.897827,1.148,0.156,0.0,0.412
2026-03-30T23:49:45.897877,1.136,0.156,0.0,0.401
2026-03-30T23:49:45.897925,1.15,0.159,0.0,0.401
2026-03-30T23:49:45.897972,1.152,0.16,0.0,0.4
2026-03-30T23:49:45.898020,1.149,0.156,0.0,0.405
2026-03-30T23:49:45.898066,1.148,0.153,0.0,0.412
2026-03-30T23:49:45.898114,1.148,0.156,0.0,0.411
2026-03-30T23:49:45.898162,1.122,0.163,0.0,0.409
2026-03-30T23:49:45.898208,1.122,0.163,0.0,0.412
2026-03-30T23:49:45.898255,1.124,0.168,0.0,0.424
2026-03-30T23:49:45.898305,1.124,0.166,0.0,0.412
2026-03-30T23:49:45.899576,1.122,0.168,0.0,0.409
2026-03-30T23:49:45.902399,1.123,0.168,0.0,0.411
2026-03-30T23:49:45.905155,1.122,0.168,0.0,0.412
2026-03-30T23:49:45.905235,1.113,0.168,0.0,0.409
2026-03-30T23:49:45.907928,1.081,0.181,0.0,0.412
2026-03-30T23:49:45.910621,1.081,0.181,0.0,0.426
2026-03-30T23:49:45.913436,1.076,0.179,0.0,0.425
2026-03-30T23:49:45.913514,1.074,0.178,0.0,0.425
2026-03-30T23:49:45.916142,1.081,0.181,0.0,0.412
2026-03-30T23:49:45.918946,1.075,0.184,0.0,0.421
2026-03-30T23:49:45.921657,1.072,0.185,0.0,0.412
2026-03-30T23:49:45.924466,1.067,0.19,0.0,0.425
2026-03-30T23:49:45.924537,1.041,0.199,0.0,0.407
2026-03-30T23:49:45.927185,1.042,0.198,0.0,0.412
2026-03-30T23:49:45.929954,1.044,0.198,0.0,0.405
2026-03-30T23:49:45.932762,1.058,0.198,0.0,0.405
2026-03-30T23:49:45.932823,1.063,0.197,0.0,0.412
2026-03-30T23:49:45.935491,1.072,0.193,0.0,0.424
2026-03-30T23:49:45.938233,1.07,0.206,0.0,0.433
2026-03-30T23:49:45.940953,1.011,0.219,0.0,0.412
2026-03-30T23:49:45.943777,1.007,0.219,0.0,0.412
2026-03-30T23:49:45.943845,1.005,0.214,0.0,0.423
2026-03-30T23:49:45.946468,0.996,0.218,0.0,0.429
2026-03-30T23:49:45.949247,0.994,0.218,0.0,0.431
2026-03-30T23:49:45.951968,0.993,0.219,0.0,0.425
2026-03-30T23:49:45.954714,0.992,0.224,0.0,0.412
2026-03-30T23:49:45.954789,0.991,0.221,0.0,0.412
2026-03-30T23:49:45.963842,0.958,0.227,0.0,0.43
2026-03-30T23:49:45.963965,0.961,0.222,0.0,0.43
2026-03-30T23:49:45.964022,0.966,0.23,0.0,0.426
2026-03-30T23:49:45.964095,0.961,0.232,0.0,0.427
2026-03-30T23:49:45.968394,0.957,0.229,0.0,0.431
2026-03-30T23:49:45.975076,0.956,0.231,0.0,0.426
2026-03-30T23:49:45.979364,0.946,0.232,0.0,0.426
2026-03-30T23:49:45.980847,0.944,0.243,0.0,0.423
2026-03-30T23:49:45.983701,0.968,0.236,0.0,0.391
2026-03-30T23:49:45.984159,0.96,0.23,0.0,0.374
2026-03-30T23:49:45.984280,0.958,0.236,0.0,0.394
2026-03-30T23:49:45.984566,0.947,0.241,0.0,0.392
2026-03-30T23:49:45.984771,0.941,0.241,0.0,0.37
2026-03-30T23:49:45.985331,0.933,0.242,0.0,0.383
2026-03-30T23:49:45.990718,0.93,0.243,0.0,0.389
2026-03-30T23:49:45.991302,0.927,0.247,0.001,0.386
2026-03-30T23:49:45.993368,0.894,0.248,0.0,0.463
2026-03-30T23:49:45.993435,0.903,0.246,0.0,0.459
2026-03-30T23:49:45.996215,0.894,0.248,0.0,0.467
2026-03-30T23:49:45.998934,0.89,0.247,0.0,0.473
2026-03-30T23:49:46.001776,0.89,0.251,0.0,0.469
2026-03-30T23:49:46.001832,0.889,0.25,0.0,0.468
2026-03-30T23:49:46.004457,0.89,0.247,0.0,0.467
2026-03-30T23:49:46.007211,0.888,0.253,0.0,0.453
2026-03-30T23:49:46.009938,0.864,0.251,0.0,0.452
2026-03-30T23:49:46.012789,0.858,0.25,0.0,0.452
2026-03-30T23:49:46.012856,0.858,0.251,0.0,0.451
2026-03-30T23:49:46.015559,0.862,0.249,0.0,0.46
2026-03-30T23:49:46.018264,0.867,0.271,0.0,0.451
2026-03-30T23:49:46.021014,0.864,0.247,0.0,0.428
2026-03-30T23:49:46.023745,0.886,0.272,0.0,0.452
2026-03-30T23:49:46.023855,0.877,0.253,0.0,0.412
2026-03-30T23:49:46.026638,0.872,0.25,0.0,0.412
2026-03-30T23:49:46.029354,0.876,0.255,0.0,0.425
2026-03-30T23:49:46.032044,0.877,0.253,0.0,0.405
2026-03-30T23:49:46.032102,0.875,0.256,0.0,0.409
2026-03-30T23:49:46.034885,0.873,0.258,0.0,0.409
2026-03-30T23:49:46.037700,0.871,0.257,0.0,0.406
2026-03-30T23:49:46.040561,0.872,0.257,0.0,0.4
2026-03-30T23:49:46.045395,0.849,0.254,0.0,0.452
2026-03-30T23:49:46.045564,0.838,0.25,0.0,0.454
2026-03-30T23:49:46.045911,0.842,0.252,0.0,0.46
2026-03-30T23:49:46.048774,0.84,0.249,0.0,0.446
2026-03-30T23:49:46.051321,0.835,0.256,0.0,0.448
2026-03-30T23:49:46.051388,0.842,0.259,0.0,0.446
2026-03-30T23:49:46.054094,0.824,0.261,0.0,0.45
2026-03-30T23:49:46.056922,0.835,0.259,0.0,0.442
2026-03-30T23:49:46.059669,0.833,0.241,0.0,0.435
2026-03-30T23:49:46.062408,0.824,0.25,0.0,0.448
2026-03-30T23:49:46.062489,0.818,0.25,0.0,0.455
2026-03-30T23:49:46.065260,0.815,0.248,0.0,0.46
2026-03-30T23:49:46.068045,0.812,0.248,0.0,0.462
2026-03-30T23:49:46.070667,0.821,0.248,0.0,0.479
2026-03-30T23:49:46.070735,0.818,0.251,0.0,0.491
2026-03-30T23:49:46.073696,0.816,0.251,0.0,0.489
2026-03-30T23:49:46.076286,0.815,0.237,0.0,0.45
2026-03-30T23:49:46.079014,0.814,0.235,0.0,0.45
2026-03-30T23:49:46.081812,0.812,0.236,0.0,0.45
2026-03-30T23:49:46.081896,0.812,0.243,0.0,0.451
2026-03-30T23:49:46.084584,0.808,0.242,0.0,0.457
2026-03-30T23:49:46.087272,0.812,0.24,0.0,0.464
2026-03-30T23:49:46.090096,0.807,0.242,0.0,0.467
2026-03-30T23:49:46.094745,0.799,0.219,0.0,0.489
2026-03-30T23:49:46.095293,0.801,0.225,0.0,0.49
2026-03-30T23:49:46.095900,0.8,0.224,0.0,0.484
2026-03-30T23:49:46.098312,0.811,0.22,0.0,0.478
2026-03-30T23:49:46.101017,0.807,0.225,0.0,0.473
2026-03-30T23:49:46.101095,0.803,0.219,0.0,0.474
2026-03-30T23:49:46.103884,0.793,0.221,0.0,0.479
2026-03-30T23:49:46.106741,0.79,0.215,0.0,0.467
2026-03-30T23:49:46.109388,0.778,0.212,0.0,0.458
2026-03-30T23:49:46.112192,0.778,0.217,0.0,0.451
2026-03-30T23:49:46.112280,0.782,0.21,0.0,0.459
2026-03-30T23:49:46.114997,0.787,0.212,0.0,0.462
2026-03-30T23:49:46.117616,0.787,0.214,0.0,0.463
2026-03-30T23:49:46.120403,0.787,0.219,0.0,0.457
2026-03-30T23:49:46.120481,0.787,0.219,0.0,0.455
2026-03-30T23:49:46.123257,0.787,0.219,0.0,0.451
2026-03-30T23:49:46.126094,0.775,0.217,0.0,0.451
2026-03-30T23:49:46.128683,0.766,0.219,0.0,0.468
2026-03-30T23:49:46.131481,0.768,0.198,0.0,0.475
2026-03-30T23:49:46.131583,0.76,0.213,0.0,0.468
2026-03-30T23:49:46.134267,0.735,0.208,0.0,0.467
2026-03-30T23:49:46.136919,0.748,0.212,0.0,0.468
2026-03-30T23:49:46.139774,0.749,0.219,0.0,0.477
2026-03-30T23:49:46.139850,0.749,0.218,0.0,0.475
2026-03-30T23:49:46.144775,0.778,0.223,0.0,0.542
2026-03-30T23:49:46.145313,0.771,0.219,0.0,0.538
2026-03-30T23:49:46.148011,0.77,0.219,0.0,0.527
2026-03-30T23:49:46.150955,0.762,0.206,0.0,0.534
2026-03-30T23:49:46.151122,0.762,0.211,0.0,0.529
2026-03-30T23:49:46.153631,0.76,0.215,0.0,0.531
2026-03-30T23:49:46.156264,0.759,0.212,0.0,0.532
2026-03-30T23:49:46.159081,0.752,0.208,0.0,0.531
2026-03-30T23:49:46.161867,0.761,0.211,0.0,0.533
2026-03-30T23:49:46.161964,0.769,0.21,0.0,0.529
2026-03-30T23:49:46.164637,0.77,0.211,0.0,0.541
2026-03-30T23:49:46.167269,0.768,0.209,0.0,0.529
2026-03-30T23:49:46.170163,0.756,0.205,0.0,0.522
2026-03-30T23:49:46.170254,0.761,0.205,0.0,0.521
2026-03-30T23:49:46.172946,0.774,0.205,0.0,0.517
2026-03-30T23:49:46.175600,0.784,0.208,0.0,0.517
2026-03-30T23:49:46.178327,0.787,0.205,0.0,0.525
2026-03-30T23:49:46.181249,0.791,0.21,0.0,0.518
2026-03-30T23:49:46.181390,0.789,0.206,0.0,0.516
2026-03-30T23:49:46.183912,0.789,0.21,0.0,0.515
2026-03-30T23:49:46.186690,0.794,0.208,0.0,0.511
2026-03-30T23:49:46.189646,0.791,0.196,0.0,0.514
2026-03-30T23:49:46.189728,0.784,0.205,0.0,0.512
2026-03-30T23:49:46.192109,0.735,0.189,0.0,0.464
2026-03-30T23:49:46.194925,0.757,0.167,0.0,0.463
2026-03-30T23:49:46.197687,0.757,0.175,0.0,0.457
2026-03-30T23:49:46.200537,0.742,0.185,0.0,0.475
2026-03-30T23:49:46.200625,0.731,0.188,0.0,0.451
2026-03-30T23:49:46.203333,0.735,0.185,0.0,0.434
2026-03-30T23:49:46.206079,0.728,0.185,0.0,0.45
2026-03-30T23:49:46.208744,0.72,0.181,0.0,0.447
2026-03-30T23:49:46.208844,0.753,0.179,0.0,0.465
2026-03-30T23:49:46.211645,0.753,0.179,0.0,0.466
2026-03-30T23:49:46.214285,0.754,0.184,0.0,0.464
2026-03-30T23:49:46.216986,0.758,0.17,0.0,0.465
2026-03-30T23:49:46.219835,0.757,0.177,0.0,0.467
2026-03-30T23:49:46.219924,0.753,0.175,0.0,0.467
2026-03-30T23:49:46.222638,0.747,0.176,0.0,0.478
2026-03-30T23:49:46.225337,0.738,0.181,0.0,0.496
2026-03-30T23:49:46.228151,0.741,0.176,0.0,0.512
2026-03-30T23:49:46.230804,0.747,0.179,0.0,0.508
2026-03-30T23:49:46.230906,0.744,0.173,0.0,0.508
2026-03-30T23:49:46.233605,0.739,0.171,0.0,0.513
2026-03-30T23:49:46.236343,0.739,0.168,0.0,0.527
2026-03-30T23:49:46.239068,0.746,0.169,0.0,0.525
2026-03-30T23:49:46.239177,0.746,0.169,0.0,0.529
2026-03-30T23:49:46.241893,0.741,0.169,0.0,0.529
2026-03-30T23:49:46.245637,0.741,0.156,0.0,0.504
2026-03-30T23:49:46.247527,0.739,0.157,0.0,0.503
2026-03-30T23:49:46.250062,0.714,0.156,0.0,0.497
2026-03-30T23:49:46.250161,0.724,0.159,0.0,0.499
2026-03-30T23:49:46.253017,0.726,0.156,0.0,0.492
2026-03-30T23:49:46.255711,0.723,0.156,0.0,0.492
2026-03-30T23:49:46.258438,0.74,0.156,0.0,0.503
2026-03-30T23:49:46.258533,0.726,0.163,0.0,0.501
2026-03-30T23:49:46.261284,0.727,0.155,0.0,0.498
2026-03-30T23:49:46.263972,0.731,0.164,0.0,0.499
2026-03-30T23:49:46.266778,0.731,0.158,0.0,0.492
2026-03-30T23:49:46.269529,0.721,0.16,0.0,0.485
2026-03-30T23:49:46.269627,0.709,0.159,0.0,0.481
2026-03-30T23:49:46.272317,0.711,0.156,0.0,0.483
2026-03-30T23:49:46.274959,0.718,0.159,0.0,0.482
2026-03-30T23:49:46.277743,0.727,0.156,0.0,0.508
2026-03-30T23:49:46.277831,0.733,0.156,0.0,0.503
2026-03-30T23:49:46.280644,0.717,0.156,0.0,0.51
2026-03-30T23:49:46.283427,0.731,0.156,0.0,0.501
2026-03-30T23:49:46.286100,0.72,0.159,0.0,0.503
2026-03-30T23:49:46.288884,0.716,0.16,0.0,0.516
2026-03-30T23:49:46.288989,0.721,0.157,0.0,0.51
2026-03-30T23:49:46.291679,0.72,0.16,0.0,0.503
2026-03-30T23:49:46.295839,0.702,0.147,0.0,0.468
2026-03-30T23:49:46.297265,0.701,0.149,0.0,0.479
2026-03-30T23:49:46.299729,0.699,0.146,0.0,0.491
2026-03-30T23:49:46.299829,0.688,0.147,0.0,0.513
2026-03-30T23:49:46.302698,0.689,0.154,0.0,0.533
2026-03-30T23:49:46.305367,0.688,0.157,0.0,0.536
2026-03-30T23:49:46.308143,0.689,0.154,0.0,0.55
2026-03-30T23:49:46.308237,0.688,0.153,0.0,0.554
2026-03-30T23:49:46.311011,0.692,0.128,0.0,0.531
2026-03-30T23:49:46.313710,0.695,0.122,0.0,0.521
2026-03-30T23:49:46.316480,0.691,0.123,0.0,0.526
2026-03-30T23:49:46.319182,0.699,0.124,0.0,0.52
2026-03-30T23:49:46.319288,0.695,0.125,0.0,0.514
2026-03-30T23:49:46.321994,0.689,0.125,0.0,0.513
2026-03-30T23:49:46.324674,0.683,0.118,0.0,0.503
2026-03-30T23:49:46.327413,0.67,0.112,0.0,0.524
2026-03-30T23:49:46.327511,0.674,0.114,0.0,0.517
2026-03-30T23:49:46.330205,0.675,0.115,0.0,0.529
2026-03-30T23:49:46.332877,0.672,0.114,0.0,0.529
2026-03-30T23:49:46.335703,0.661,0.111,0.0,0.528
2026-03-30T23:49:46.338404,0.658,0.108,0.0,0.528
2026-03-30T23:49:46.338514,0.653,0.107,0.0,0.531
2026-03-30T23:49:46.341255,0.648,0.103,0.0,0.528
2026-03-30T23:49:46.345414,0.672,0.089,0.0,0.524
2026-03-30T23:49:46.346713,0.675,0.089,0.0,0.515
2026-03-30T23:49:46.346808,0.671,0.085,0.0,0.517
2026-03-30T23:49:46.349541,0.678,0.089,0.0,0.513
2026-03-30T23:49:46.352277,0.678,0.083,0.0,0.507
2026-03-30T23:49:46.354951,0.679,0.083,0.0,0.504
2026-03-30T23:49:46.357764,0.675,0.083,0.0,0.503
2026-03-30T23:49:46.357863,0.672,0.082,0.0,0.502
2026-03-30T23:49:46.360558,0.623,0.084,0.0,0.489
2026-03-30T23:49:46.363235,0.623,0.083,0.0,0.495
2026-03-30T23:49:46.366091,0.618,0.077,0.0,0.499
2026-03-30T23:49:46.368812,0.613,0.073,0.0,0.497
2026-03-30T23:49:46.368923,0.616,0.073,0.0,0.494
2026-03-30T23:49:46.371545,0.618,0.07,0.0,0.504
2026-03-30T23:49:46.374307,0.614,0.069,0.0,0.504
2026-03-30T23:49:46.377064,0.611,0.066,0.0,0.503
2026-03-30T23:49:46.377158,0.618,0.062,0.0,0.464
2026-03-30T23:49:46.379895,0.621,0.06,0.0,0.464
2026-03-30T23:49:46.382681,0.625,0.057,0.0,0.464
2026-03-30T23:49:46.385453,0.626,0.06,0.0,0.466
2026-03-30T23:49:46.388264,0.626,0.062,0.0,0.464
2026-03-30T23:49:46.388374,0.631,0.06,0.0,0.46
2026-03-30T23:49:46.391068,0.629,0.063,0.0,0.438
2026-03-30T23:49:46.395320,0.619,0.063,0.0,0.459
2026-03-30T23:49:46.396369,0.595,0.06,0.0,0.47
2026-03-30T23:49:46.396648,0.592,0.06,0.0,0.472
2026-03-30T23:49:46.399144,0.592,0.059,0.0,0.455
2026-03-30T23:49:46.401960,0.603,0.044,0.0,0.475
2026-03-30T23:49:46.404677,0.606,0.055,0.0,0.476
2026-03-30T23:49:46.407505,0.623,0.056,0.0,0.471
2026-03-30T23:49:46.407600,0.606,0.052,0.0,0.467
2026-03-30T23:49:46.410224,0.571,0.039,0.0,0.467
2026-03-30T23:49:46.412956,0.577,0.039,0.0,0.467
2026-03-30T23:49:46.415724,0.572,0.039,0.0,0.466
2026-03-30T23:49:46.415817,0.567,0.038,0.0,0.451
2026-03-30T23:49:46.418551,0.565,0.037,0.0,0.459
2026-03-30T23:49:46.421313,0.557,0.037,0.0,0.464
2026-03-30T23:49:46.424099,0.552,0.037,0.0,0.464
2026-03-30T23:49:46.426837,0.554,0.035,0.0,0.464
2026-03-30T23:49:46.426946,0.55,0.039,0.0,0.493
2026-03-30T23:49:46.429555,0.551,0.038,0.0,0.505
2026-03-30T23:49:46.432398,0.552,0.039,0.0,0.503
2026-03-30T23:49:46.435085,0.555,0.039,0.0,0.503
2026-03-30T23:49:46.437739,0.538,0.042,0.0,0.497
2026-03-30T23:49:46.437846,0.529,0.039,0.0,0.492
2026-03-30T23:49:46.440612,0.528,0.035,0.0,0.475
2026-03-30T23:49:46.445543,0.53,0.035,0.0,0.498
2026-03-30T23:49:46.446079,0.529,0.015,0.0,0.503
2026-03-30T23:49:46.446616,0.527,0.037,0.0,0.502
2026-03-30T23:49:46.448878,0.517,0.036,0.0,0.497
2026-03-30T23:49:46.451685,0.513,0.035,0.0,0.496
2026-03-30T23:49:46.454465,0.513,0.033,0.0,0.5
2026-03-30T23:49:46.457038,0.516,0.035,0.0,0.491
2026-03-30T23:49:46.457130,0.512,0.024,0.0,0.488
2026-03-30T23:49:46.459886,0.509,0.031,0.0,0.492
2026-03-30T23:49:46.462575,0.502,0.04,0.0,0.491
2026-03-30T23:49:46.465321,0.494,0.039,0.0,0.492
2026-03-30T23:49:46.465419,0.488,0.04,0.0,0.502
2026-03-30T23:49:46.468074,0.503,0.039,0.0,0.488
2026-03-30T23:49:46.470823,0.48,0.039,0.0,0.492
2026-03-30T23:49:46.473601,0.496,0.017,0.0,0.495
2026-03-30T23:49:46.476367,0.504,0.039,0.0,0.492
2026-03-30T23:49:46.476437,0.462,0.043,0.0,0.504
2026-03-30T23:49:46.479090,0.457,0.044,0.0,0.508
2026-03-30T23:49:46.481910,0.459,0.041,0.0,0.508
2026-03-30T23:49:46.484657,0.452,0.043,0.0,0.538
2026-03-30T23:49:46.484725,0.449,0.052,0.0,0.511
2026-03-30T23:49:46.487377,0.454,0.048,0.0,0.508
2026-03-30T23:49:46.490183,0.466,0.044,0.0,0.504
2026-03-30T23:49:46.494648,0.473,0.052,0.0,0.504
2026-03-30T23:49:46.495683,0.492,0.049,0.0,0.492
2026-03-30T23:49:46.495751,0.489,0.052,0.0,0.489
2026-03-30T23:49:46.498475,0.5,0.052,0.0,0.485
2026-03-30T23:49:46.501250,0.486,0.052,0.0,0.488
2026-03-30T23:49:46.504004,0.483,0.052,0.0,0.483
2026-03-30T23:49:46.506868,0.477,0.048,0.0,0.479
2026-03-30T23:49:46.506965,0.464,0.048,0.0,0.492
2026-03-30T23:49:46.509643,0.46,0.046,0.0,0.477
2026-03-30T23:49:46.512239,0.446,0.039,0.0,0.496
2026-03-30T23:49:46.515065,0.443,0.039,0.0,0.492
2026-03-30T23:49:46.515165,0.428,0.039,0.0,0.494
2026-03-30T23:49:46.517944,0.44,0.035,0.0,0.517
2026-03-30T23:49:46.520546,0.444,0.036,0.0,0.492
2026-03-30T23:49:46.523326,0.442,0.033,0.0,0.495
2026-03-30T23:49:46.526108,0.437,0.031,0.0,0.501
2026-03-30T23:49:46.526190,0.433,0.033,0.0,0.508
2026-03-30T23:49:46.528877,0.43,0.027,0.0,0.508
2026-03-30T23:49:46.531630,0.428,0.033,0.0,0.507
2026-03-30T23:49:46.534314,0.426,0.028,0.0,0.504
2026-03-30T23:49:46.534394,0.426,0.031,0.0,0.503
2026-03-30T23:49:46.537164,0.434,0.033,0.0,0.496
2026-03-30T23:49:46.539927,0.439,0.036,0.0,0.501
2026-03-30T23:49:46.544691,0.442,0.036,0.0,0.5
2026-03-30T23:49:46.545531,0.443,0.036,0.0,0.495
2026-03-30T23:49:46.545704,0.452,0.039,0.0,0.496
2026-03-30T23:49:46.548161,0.446,0.038,0.0,0.499
2026-03-30T23:49:46.550929,0.437,0.038,0.0,0.493
2026-03-30T23:49:46.553747,0.438,0.04,0.0,0.497
2026-03-30T23:49:46.553834,0.438,0.037,0.0,0.487
2026-03-30T23:49:46.556438,0.439,0.038,0.0,0.486
2026-03-30T23:49:46.559147,0.437,0.038,0.0,0.478
2026-03-30T23:49:46.561965,0.389,0.028,0.0,0.496
2026-03-30T23:49:46.564818,0.394,0.026,0.0,0.502
2026-03-30T23:49:46.564905,0.395,0.026,0.0,0.513
2026-03-30T23:49:46.567565,0.405,0.026,0.0,0.518
2026-03-30T23:49:46.570394,0.41,0.026,0.0,0.521
2026-03-30T23:49:46.573112,0.402,0.02,0.0,0.504
2026-03-30T23:49:46.575811,0.4,0.025,0.0,0.516
2026-03-30T23:49:46.575889,0.395,0.031,0.0,0.514
2026-03-30T23:49:46.578634,0.405,0.024,0.0,0.477
2026-03-30T23:49:46.581412,0.412,0.033,0.0,0.472
2026-03-30T23:49:46.584005,0.412,0.023,0.0,0.483
2026-03-30T23:49:46.584081,0.423,0.027,0.0,0.465
2026-03-30T23:49:46.586881,0.438,0.027,0.0,0.464
2026-03-30T23:49:46.589747,0.451,0.028,0.0,0.464
2026-03-30T23:49:46.594468,0.459,0.023,0.0,0.464
2026-03-30T23:49:46.595266,0.456,0.031,0.0,0.462
2026-03-30T23:49:46.595438,0.431,0.023,0.0,0.463
2026-03-30T23:49:46.597809,0.438,0.026,0.0,0.463
2026-03-30T23:49:46.600610,0.412,0.026,0.0,0.467
2026-03-30T23:49:46.603417,0.436,0.031,0.0,0.46
2026-03-30T23:49:46.603516,0.434,0.023,0.0,0.454
2026-03-30T23:49:46.606253,0.425,0.022,0.0,0.464
2026-03-30T23:49:46.608901,0.412,0.027,0.0,0.456
2026-03-30T23:49:46.611673,0.411,0.018,0.0,0.459
2026-03-30T23:49:46.614381,0.401,0.023,0.0,0.466
2026-03-30T23:49:46.614474,0.396,0.026,0.0,0.463
2026-03-30T23:49:46.617180,0.398,0.027,0.0,0.468
2026-03-30T23:49:46.620061,0.386,0.039,0.0,0.467
2026-03-30T23:49:46.622819,0.389,0.023,0.0,0.476
2026-03-30T23:49:46.622902,0.394,0.042,0.0,0.487
2026-03-30T23:49:46.625461,0.396,0.029,0.0,0.491
2026-03-30T23:49:46.628353,0.392,0.023,0.0,0.502
2026-03-30T23:49:46.631220,0.394,0.014,0.0,0.477
2026-03-30T23:49:46.633776,0.389,0.016,0.0,0.488
2026-03-30T23:49:46.633858,0.383,0.016,0.0,0.489
2026-03-30T23:49:46.636720,0.38,0.018,0.0,0.484
2026-03-30T23:49:46.639544,0.374,0.017,0.0,0.484
2026-03-30T23:49:46.641963,0.369,0.016,0.0,0.481
2026-03-30T23:49:46.644989,0.367,0.013,0.0,0.477
2026-03-30T23:49:46.645225,0.396,0.015,0.0,0.447
2026-03-30T23:49:46.647609,0.396,0.015,0.0,0.457
2026-03-30T23:49:46.650258,0.4,0.017,0.0,0.455
2026-03-30T23:49:46.653263,0.409,0.015,0.0,0.459
2026-03-30T23:49:46.653367,0.412,0.024,0.0,0.451
2026-03-30T23:49:46.655859,0.428,0.022,0.0,0.451
2026-03-30T23:49:46.658736,0.437,0.014,0.0,0.444
2026-03-30T23:49:46.661430,0.438,0.03,0.0,0.441
2026-03-30T23:49:46.664090,0.434,0.034,0.0,0.491
2026-03-30T23:49:46.664188,0.442,0.039,0.0,0.49
2026-03-30T23:49:46.666893,0.45,0.037,0.0,0.488
2026-03-30T23:49:46.669647,0.454,0.042,0.0,0.479
2026-03-30T23:49:46.672475,0.451,0.047,0.0,0.484
2026-03-30T23:49:46.672565,0.446,0.041,0.0,0.477
2026-03-30T23:49:46.675176,0.438,0.04,0.0,0.455
2026-03-30T23:49:46.678008,0.431,0.039,0.0,0.468
2026-03-30T23:49:46.680816,0.442,0.039,0.0,0.467
2026-03-30T23:49:46.683500,0.442,0.043,0.0,0.463
2026-03-30T23:49:46.683608,0.442,0.044,0.0,0.464
2026-03-30T23:49:46.686349,0.442,0.048,0.0,0.468
2026-03-30T23:49:46.689168,0.443,0.052,0.0,0.454
2026-03-30T23:49:46.691857,0.438,0.047,0.0,0.462
2026-03-30T23:49:46.692007,0.442,0.049,0.0,0.455
2026-03-30T23:49:46.695381,0.434,0.048,0.0,0.455
2026-03-30T23:49:46.697214,0.4,0.043,0.0,0.477
2026-03-30T23:49:46.699917,0.401,0.04,0.0,0.482
2026-03-30T23:49:46.702777,0.401,0.04,0.0,0.477
2026-03-30T23:49:46.702877,0.401,0.048,0.0,0.486
2026-03-30T23:49:46.705620,0.412,0.052,0.0,0.488
2026-03-30T23:49:46.708319,0.43,0.052,0.0,0.499
2026-03-30T23:49:46.710992,0.426,0.055,0.0,0.513
2026-03-30T23:49:46.713745,0.48,0.069,0.0,0.503
2026-03-30T23:49:46.713850,0.475,0.073,0.0,0.501
2026-03-30T23:49:46.716516,0.473,0.073,0.0,0.496
2026-03-30T23:49:46.719422,0.488,0.077,0.0,0.494
2026-03-30T23:49:46.722072,0.466,0.075,0.0,0.494
2026-03-30T23:49:46.722174,0.468,0.07,0.0,0.497
2026-03-30T23:49:46.724786,0.473,0.08,0.0,0.492
2026-03-30T23:49:46.727716,0.477,0.082,0.0,0.496
2026-03-30T23:49:46.730342,0.471,0.096,0.0,0.486
2026-03-30T23:49:46.733054,0.482,0.094,0.0,0.478
2026-03-30T23:49:46.733148,0.483,0.093,0.0,0.488
2026-03-30T23:49:46.735917,0.484,0.09,0.0,0.49
2026-03-30T23:49:46.738634,0.492,0.096,0.0,0.488
2026-03-30T23:49:46.741390,0.503,0.096,0.0,0.482
2026-03-30T23:49:46.741497,0.483,0.093,0.0,0.488
2026-03-30T23:49:46.745570,0.475,0.099,0.0,0.492
2026-03-30T23:49:46.746980,0.43,0.098,0.0,0.489
2026-03-30T23:49:46.749636,0.451,0.09,0.0,0.491
2026-03-30T23:49:46.752694,0.457,0.098,0.0,0.498
2026-03-30T23:49:46.752834,0.47,0.096,0.0,0.503
2026-03-30T23:49:46.755281,0.471,0.098,0.0,0.504
2026-03-30T23:49:46.757935,0.477,0.103,0.0,0.504
2026-03-30T23:49:46.760881,0.48,0.108,0.0,0.504
2026-03-30T23:49:46.760981,0.476,0.099,0.0,0.503
2026-03-30T23:49:46.763540,0.479,0.12,0.0,0.53
2026-03-30T23:49:46.766276,0.477,0.115,0.0,0.529
2026-03-30T23:49:46.769023,0.477,0.115,0.0,0.526
2026-03-30T23:49:46.771820,0.479,0.125,0.0,0.53
2026-03-30T23:49:46.771937,0.488,0.116,0.0,0.546
2026-03-30T23:49:46.774624,0.489,0.115,0.0,0.55
2026-03-30T23:49:46.777370,0.483,0.118,0.0,0.55
2026-03-30T23:49:46.780036,0.482,0.125,0.0,0.543
2026-03-30T23:49:46.782823,0.488,0.143,0.0,0.541
2026-03-30T23:49:46.782997,0.491,0.145,0.0,0.537
2026-03-30T23:49:46.785684,0.498,0.15,0.0,0.532
2026-03-30T23:49:46.788341,0.501,0.143,0.0,0.546
2026-03-30T23:49:46.791069,0.504,0.142,0.0,0.547
2026-03-30T23:49:46.791211,0.505,0.141,0.0,0.546
2026-03-30T23:49:46.796087,0.508,0.141,0.0,0.542
2026-03-30T23:49:46.796719,0.488,0.142,0.0,0.602
2026-03-30T23:49:46.799351,0.492,0.143,0.0,0.616
2026-03-30T23:49:46.802054,0.497,0.143,0.0,0.599
2026-03-30T23:49:46.802165,0.497,0.147,0.0,0.612
2026-03-30T23:49:46.804926,0.492,0.147,0.0,0.608
2026-03-30T23:49:46.807660,0.481,0.152,0.0,0.606
2026-03-30T23:49:46.810455,0.483,0.142,0.0,0.607
2026-03-30T23:49:46.810556,0.481,0.139,0.0,0.607
2026-03-30T23:49:46.813213,0.55,0.176,0.0,0.567
2026-03-30T23:49:46.815962,0.546,0.171,0.0,0.555
2026-03-30T23:49:46.818707,0.542,0.168,0.0,0.554
2026-03-30T23:49:46.821484,0.538,0.175,0.0,0.546
2026-03-30T23:49:46.821589,0.526,0.172,0.0,0.55
2026-03-30T23:49:46.824339,0.521,0.171,0.0,0.54
2026-03-30T23:49:46.827160,0.516,0.168,0.0,0.537
2026-03-30T23:49:46.829780,0.514,0.17,0.0,0.536
2026-03-30T23:49:46.829890,0.511,0.179,0.0,0.503
2026-03-30T23:49:46.832616,0.508,0.177,0.0,0.504
2026-03-30T23:49:46.835356,0.504,0.181,0.0,0.501
2026-03-30T23:49:46.838014,0.504,0.176,0.0,0.498
2026-03-30T23:49:46.840856,0.507,0.184,0.0,0.495
2026-03-30T23:49:46.840976,0.492,0.193,0.0,0.491
2026-03-30T23:49:46.846289,0.493,0.18,0.0,0.486
2026-03-30T23:49:46.846796,0.486,0.192,0.0,0.492
2026-03-30T23:49:46.848973,0.495,0.185,0.0,0.49
2026-03-30T23:49:46.851714,0.499,0.189,0.0,0.498
2026-03-30T23:49:46.851823,0.504,0.185,0.0,0.503
2026-03-30T23:49:46.854612,0.514,0.187,0.0,0.504
2026-03-30T23:49:46.857312,0.518,0.186,0.0,0.502
2026-03-30T23:49:46.860007,0.52,0.189,0.0,0.512
2026-03-30T23:49:46.860103,0.513,0.183,0.0,0.517
2026-03-30T23:49:46.862830,0.508,0.185,0.0,0.517
2026-03-30T23:49:46.865610,0.5,0.197,0.0,0.541
2026-03-30T23:49:46.868255,0.504,0.195,0.0,0.534
2026-03-30T23:49:46.871082,0.506,0.198,0.0,0.537
2026-03-30T23:49:46.871161,0.504,0.193,0.0,0.538
2026-03-30T23:49:46.873869,0.502,0.194,0.0,0.546
2026-03-30T23:49:46.876546,0.497,0.195,0.0,0.542
2026-03-30T23:49:46.879406,0.492,0.201,0.0,0.538
2026-03-30T23:49:46.879487,0.502,0.192,0.0,0.525
2026-03-30T23:49:46.882177,0.502,0.193,0.0,0.504
2026-03-30T23:49:46.884940,0.503,0.193,0.0,0.544
2026-03-30T23:49:46.887648,0.508,0.189,0.0,0.513
2026-03-30T23:49:46.890413,0.52,0.193,0.0,0.528
2026-03-30T23:49:46.890507,0.529,0.191,0.0,0.537
2026-03-30T23:49:46.895243,0.524,0.212,0.0,0.531
2026-03-30T23:49:46.896026,0.516,0.205,0.0,0.528
2026-03-30T23:49:46.898670,0.529,0.23,0.0,0.503
2026-03-30T23:49:46.898748,0.523,0.23,0.0,0.498
2026-03-30T23:49:46.901961,0.529,0.225,0.0,0.502
2026-03-30T23:49:46.904214,0.513,0.222,0.0,0.51
2026-03-30T23:49:46.906999,0.5,0.221,0.0,0.514
2026-03-30T23:49:46.909821,0.501,0.22,0.0,0.517
2026-03-30T23:49:46.909914,0.499,0.218,0.0,0.536
2026-03-30T23:49:46.912484,0.5,0.223,0.0,0.542
2026-03-30T23:49:46.915273,0.491,0.235,0.0,0.516
2026-03-30T23:49:46.918002,0.488,0.235,0.0,0.515
2026-03-30T23:49:46.920792,0.486,0.232,0.0,0.515
2026-03-30T23:49:46.920888,0.477,0.232,0.0,0.543
2026-03-30T23:49:46.923549,0.486,0.232,0.0,0.567
2026-03-30T23:49:46.926332,0.471,0.23,0.0,0.585
2026-03-30T23:49:46.929045,0.464,0.228,0.0,0.584
2026-03-30T23:49:46.929130,0.459,0.23,0.0,0.59
2026-03-30T23:49:46.931847,0.463,0.232,0.0,0.569
2026-03-30T23:49:46.934606,0.464,0.23,0.0,0.571
2026-03-30T23:49:46.937435,0.463,0.23,0.0,0.569
2026-03-30T23:49:46.940207,0.464,0.228,0.0,0.576
2026-03-30T23:49:46.940309,0.457,0.235,0.0,0.588
2026-03-30T23:49:46.945526,0.457,0.233,0.0,0.596
2026-03-30T23:49:46.945697,0.462,0.232,0.0,0.594
2026-03-30T23:49:46.948417,0.471,0.245,0.0,0.605
2026-03-30T23:49:46.948516,0.466,0.247,0.0,0.599
2026-03-30T23:49:46.951126,0.463,0.245,0.0,0.61
2026-03-30T23:49:46.953914,0.464,0.255,0.0,0.606
2026-03-30T23:49:46.956699,0.453,0.25,0.0,0.602
2026-03-30T23:49:46.959440,0.455,0.25,0.0,0.591
2026-03-30T23:49:46.959533,0.447,0.25,0.0,0.588
2026-03-30T23:49:46.962183,0.449,0.248,0.0,0.583
2026-03-30T23:49:46.964974,0.504,0.256,0.0,0.55
2026-03-30T23:49:46.967631,0.507,0.258,0.0,0.532
2026-03-30T23:49:46.967710,0.505,0.254,0.0,0.536
2026-03-30T23:49:46.970478,0.503,0.254,0.0,0.537
2026-03-30T23:49:46.973259,0.492,0.252,0.0,0.542
2026-03-30T23:49:46.976067,0.486,0.252,0.0,0.54
2026-03-30T23:49:46.978779,0.488,0.271,0.0,0.538
2026-03-30T23:49:46.978874,0.477,0.254,0.0,0.536
2026-03-30T23:49:46.981643,0.466,0.263,0.0,0.529
2026-03-30T23:49:46.984221,0.459,0.259,0.0,0.529
2026-03-30T23:49:46.987093,0.462,0.255,0.0,0.525
2026-03-30T23:49:46.989806,0.463,0.259,0.0,0.521
2026-03-30T23:49:46.989910,0.464,0.255,0.0,0.516
2026-03-30T23:49:46.995612,0.455,0.253,0.0,0.525
2026-03-30T23:49:46.995779,0.453,0.255,0.0,0.511
2026-03-30T23:49:46.997967,0.452,0.255,0.0,0.516
2026-03-30T23:49:46.998055,0.412,0.251,0.0,0.542
2026-03-30T23:49:47.000853,0.425,0.252,0.0,0.55
2026-03-30T23:49:47.003656,0.425,0.255,0.0,0.542
2026-03-30T23:49:47.006367,0.425,0.235,0.0,0.542
2026-03-30T23:49:47.009023,0.425,0.257,0.0,0.543
2026-03-30T23:49:47.009110,0.43,0.256,0.0,0.533
2026-03-30T23:49:47.011998,0.426,0.259,0.0,0.533
2026-03-30T23:49:47.014524,0.425,0.257,0.0,0.528
2026-03-30T23:49:47.017309,0.397,0.256,0.0,0.539
2026-03-30T23:49:47.017393,0.398,0.254,0.0,0.562
2026-03-30T23:49:47.020237,0.398,0.253,0.0,0.533
2026-03-30T23:49:47.023004,0.398,0.25,0.0,0.534
2026-03-30T23:49:47.025621,0.389,0.249,0.0,0.529
2026-03-30T23:49:47.028383,0.386,0.241,0.0,0.529
2026-03-30T23:49:47.028481,0.388,0.234,0.0,0.521
2026-03-30T23:49:47.031300,0.412,0.258,0.0,0.534
2026-03-30T23:49:47.033881,0.427,0.259,0.0,0.529
2026-03-30T23:49:47.036783,0.412,0.255,0.0,0.529
2026-03-30T23:49:47.036917,0.4,0.261,0.0,0.525
2026-03-30T23:49:47.039501,0.409,0.256,0.0,0.521
2026-03-30T23:49:47.042181,0.409,0.247,0.0,0.515
2026-03-30T23:49:47.044961,0.404,0.261,0.0,0.511
2026-03-30T23:49:47.047779,0.404,0.262,0.0,0.504
2026-03-30T23:49:47.047884,0.423,0.275,0.0,0.482
2026-03-30T23:49:47.050491,0.412,0.272,0.0,0.481
2026-03-30T23:49:47.053354,0.412,0.271,0.0,0.486
2026-03-30T23:49:47.056089,0.398,0.271,0.0,0.483
2026-03-30T23:49:47.058695,0.4,0.271,0.0,0.475
2026-03-30T23:49:47.058787,0.401,0.254,0.0,0.472
2026-03-30T23:49:47.061601,0.402,0.264,0.0,0.467
2026-03-30T23:49:47.064326,0.391,0.266,0.0,0.44
2026-03-30T23:49:47.066980,0.386,0.28,0.0,0.486
2026-03-30T23:49:47.067081,0.377,0.273,0.0,0.483
2026-03-30T23:49:47.069889,0.377,0.272,0.0,0.494
2026-03-30T23:49:47.072607,0.377,0.276,0.0,0.491
2026-03-30T23:49:47.075299,0.364,0.276,0.0,0.503
2026-03-30T23:49:47.078081,0.359,0.271,0.0,0.488
2026-03-30T23:49:47.078189,0.356,0.273,0.0,0.504
2026-03-30T23:49:47.080948,0.35,0.273,0.0,0.508
2026-03-30T23:49:47.083653,0.338,0.271,0.0,0.558
2026-03-30T23:49:47.086476,0.343,0.267,0.0,0.55
2026-03-30T23:49:47.086578,0.336,0.264,0.0,0.559
2026-03-30T23:49:47.089172,0.339,0.27,0.0,0.554
2026-03-30T23:49:47.091979,0.336,0.282,0.0,0.554
2026-03-30T23:49:47.094696,0.34,0.279,0.0,0.542
2026-03-30T23:49:47.097349,0.337,0.28,0.0,0.538
2026-03-30T23:49:47.097455,0.365,0.295,0.0,0.567
2026-03-30T23:49:47.100193,0.367,0.296,0.0,0.566
2026-03-30T23:49:47.103072,0.364,0.292,0.0,0.571
2026-03-30T23:49:47.105682,0.359,0.284,0.0,0.571
2026-03-30T23:49:47.105774,0.353,0.284,0.01,0.573
2026-03-30T23:49:47.108534,0.348,0.284,0.0,0.593
2026-03-30T23:49:47.111287,0.342,0.284,0.0,0.6
2026-03-30T23:49:47.113980,0.341,0.28,0.0,0.607
2026-03-30T23:49:47.116737,0.33,0.297,0.0,0.585
2026-03-30T23:49:47.116833,0.341,0.297,0.0,0.583
2026-03-30T23:49:47.119641,0.338,0.297,0.0,0.584
2026-03-30T23:49:47.122289,0.348,0.298,0.0,0.575
2026-03-30T23:49:47.125077,0.357,0.3,0.0,0.571
2026-03-30T23:49:47.127867,0.361,0.309,0.002,0.562
2026-03-30T23:49:47.127980,0.353,0.311,0.002,0.557
2026-03-30T23:49:47.130770,0.374,0.305,0.001,0.554
2026-03-30T23:49:47.133438,0.334,0.297,0.0,0.535
2026-03-30T23:49:47.136012,0.33,0.297,0.0,0.54
2026-03-30T23:49:47.136133,0.331,0.296,0.0,0.533
2026-03-30T23:49:47.138889,0.336,0.297,0.0,0.53
2026-03-30T23:49:47.141561,0.322,0.299,0.0,0.534
2026-03-30T23:49:47.146161,0.321,0.301,0.0,0.525
2026-03-30T23:49:47.147203,0.321,0.304,0.0,0.524
2026-03-30T23:49:47.147386,0.309,0.31,0.0,0.514
2026-03-30T23:49:47.149871,0.286,0.312,0.0,0.555
2026-03-30T23:49:47.152659,0.286,0.308,0.0,0.558
2026-03-30T23:49:47.155399,0.283,0.309,0.0,0.575
2026-03-30T23:49:47.155500,0.283,0.31,0.0,0.607
2026-03-30T23:49:47.158251,0.28,0.309,0.0,0.624
2026-03-30T23:49:47.161096,0.271,0.307,0.0,0.618
2026-03-30T23:49:47.163694,0.277,0.309,0.006,0.631
2026-03-30T23:49:47.166431,0.294,0.31,0.014,0.67
2026-03-30T23:49:47.166554,0.289,0.322,0.0,0.656
2026-03-30T23:49:47.169343,0.291,0.319,0.0,0.653
2026-03-30T23:49:47.171986,0.288,0.312,0.0,0.658
2026-03-30T23:49:47.174694,0.284,0.312,0.0,0.658
2026-03-30T23:49:47.174802,0.288,0.308,0.0,0.654
2026-03-30T23:49:47.177613,0.295,0.305,0.0,0.65
2026-03-30T23:49:47.180260,0.297,0.302,0.0,0.647
2026-03-30T23:49:47.183003,0.297,0.322,0.0,0.608
2026-03-30T23:49:47.185824,0.297,0.322,0.0,0.61
2026-03-30T23:49:47.185938,0.302,0.321,0.0,0.604
2026-03-30T23:49:47.188560,0.297,0.323,0.0,0.6
2026-03-30T23:49:47.191262,0.297,0.332,0.0,0.592
2026-03-30T23:49:47.196104,0.301,0.322,0.0,0.583
2026-03-30T23:49:47.196803,0.288,0.322,0.0,0.578
2026-03-30T23:49:47.196987,0.285,0.322,0.0,0.572
2026-03-30T23:49:47.199596,0.305,0.331,0.0,0.531
2026-03-30T23:49:47.202255,0.301,0.331,0.0,0.536
2026-03-30T23:49:47.205068,0.299,0.33,0.0,0.532
2026-03-30T23:49:47.205172,0.295,0.331,0.0,0.528
2026-03-30T23:49:47.207996,0.291,0.328,0.008,0.526
2026-03-30T23:49:47.210717,0.287,0.328,0.0,0.521
2026-03-30T23:49:47.213364,0.281,0.334,0.0,0.529
2026-03-30T23:49:47.216071,0.275,0.336,0.005,0.539
2026-03-30T23:49:47.216177,0.271,0.318,0.0,0.542
2026-03-30T23:49:47.218951,0.274,0.309,0.0,0.537
2026-03-30T23:49:47.221748,0.272,0.309,0.0,0.557
2026-03-30T23:49:47.224383,0.281,0.305,0.0,0.562
2026-03-30T23:49:47.224496,0.282,0.308,0.01,0.558
2026-03-30T23:49:47.227174,0.28,0.309,0.002,0.557
2026-03-30T23:49:47.229961,0.272,0.305,0.003,0.554
2026-03-30T23:49:47.232733,0.27,0.301,0.001,0.551
2026-03-30T23:49:47.235457,0.258,0.314,0.0,0.543
2026-03-30T23:49:47.235569,0.255,0.31,0.0,0.528
2026-03-30T23:49:47.238228,0.258,0.313,0.0,0.527
2026-03-30T23:49:47.241010,0.249,0.315,0.0,0.516
2026-03-30T23:49:47.246561,0.245,0.321,0.007,0.533
2026-03-30T23:49:47.246817,0.243,0.317,0.002,0.533
2026-03-30T23:49:47.246959,0.238,0.317,0.001,0.538
2026-03-30T23:49:47.249238,0.231,0.313,0.006,0.581
2026-03-30T23:49:47.251929,0.261,0.322,0.0,0.55
2026-03-30T23:49:47.254911,0.258,0.322,0.0,0.554
2026-03-30T23:49:47.255051,0.26,0.322,0.0,0.554
2026-03-30T23:49:47.257580,0.254,0.322,0.002,0.543
2026-03-30T23:49:47.260284,0.246,0.32,0.01,0.547
2026-03-30T23:49:47.262957,0.247,0.323,0.003,0.547
2026-03-30T23:49:47.265801,0.245,0.324,0.006,0.542
2026-03-30T23:49:47.265934,0.24,0.319,0.0,0.488
2026-03-30T23:49:47.268580,0.245,0.32,0.0,0.494
2026-03-30T23:49:47.271300,0.238,0.319,0.0,0.49
2026-03-30T23:49:47.274169,0.247,0.33,0.0,0.49
2026-03-30T23:49:47.274292,0.253,0.32,0.0,0.482
2026-03-30T23:49:47.276892,0.247,0.322,0.0,0.477
2026-03-30T23:49:47.279644,0.245,0.322,0.0,0.477
2026-03-30T23:49:47.282409,0.249,0.325,0.004,0.475
2026-03-30T23:49:47.285034,0.241,0.322,0.0,0.525
2026-03-30T23:49:47.285141,0.249,0.318,0.0,0.528
2026-03-30T23:49:47.287898,0.249,0.321,0.0,0.542
2026-03-30T23:49:47.290676,0.247,0.319,0.0,0.531
2026-03-30T23:49:47.296478,0.242,0.312,0.0,0.514
2026-03-30T23:49:47.296680,0.245,0.313,0.0,0.552
2026-03-30T23:49:47.296823,0.243,0.309,0.006,0.546
2026-03-30T23:49:47.298893,0.235,0.312,0.005,0.559
2026-03-30T23:49:47.301586,0.201,0.318,0.0,0.58
2026-03-30T23:49:47.304376,0.197,0.316,0.005,0.579
2026-03-30T23:49:47.304488,0.198,0.311,0.0,0.571
2026-03-30T23:49:47.307281,0.197,0.309,0.001,0.567
2026-03-30T23:49:47.309979,0.201,0.304,0.0,0.547
2026-03-30T23:49:47.312681,0.205,0.301,0.0,0.567
2026-03-30T23:49:47.312779,0.217,0.297,0.002,0.58
2026-03-30T23:49:47.315541,0.204,0.303,0.002,0.58
2026-03-30T23:49:47.318318,0.205,0.324,0.0,0.637
2026-03-30T23:49:47.320998,0.209,0.325,0.0,0.637
2026-03-30T23:49:47.323856,0.21,0.326,0.005,0.637
2026-03-30T23:49:47.323962,0.219,0.334,0.008,0.637
2026-03-30T23:49:47.326648,0.219,0.325,0.011,0.625
2026-03-30T23:49:47.329351,0.224,0.326,0.011,0.616
2026-03-30T23:49:47.332015,0.223,0.325,0.006,0.614
2026-03-30T23:49:47.334879,0.243,0.322,0.0,0.628
2026-03-30T23:49:47.334997,0.245,0.319,0.0,0.628
2026-03-30T23:49:47.337636,0.245,0.322,0.0,0.626
2026-03-30T23:49:47.340312,0.238,0.315,0.002,0.616
2026-03-30T23:49:47.345673,0.243,0.309,0.002,0.62
2026-03-30T23:49:47.345945,0.241,0.305,0.001,0.614
2026-03-30T23:49:47.346137,0.243,0.307,0.007,0.62
2026-03-30T23:49:47.348611,0.244,0.31,0.006,0.618
2026-03-30T23:49:47.351274,0.228,0.313,0.0,0.594
2026-03-30T23:49:47.354092,0.224,0.311,0.0,0.595
2026-03-30T23:49:47.354195,0.227,0.312,0.0,0.586
2026-03-30T23:49:47.356961,0.225,0.32,0.0,0.58
2026-03-30T23:49:47.359607,0.223,0.321,0.0,0.578
2026-03-30T23:49:47.362367,0.21,0.322,0.0,0.576
2026-03-30T23:49:47.362464,0.219,0.318,0.001,0.567
2026-03-30T23:49:47.365148,0.215,0.316,0.01,0.562
2026-03-30T23:49:47.367892,0.228,0.304,0.0,0.561
2026-03-30T23:49:47.370705,0.23,0.303,0.0,0.554
2026-03-30T23:49:47.373390,0.23,0.298,0.0,0.541
2026-03-30T23:49:47.373506,0.224,0.301,0.0,0.551
2026-03-30T23:49:47.376227,0.219,0.302,0.0,0.546
2026-03-30T23:49:47.378925,0.226,0.305,0.0,0.555
2026-03-30T23:49:47.381767,0.225,0.309,0.0,0.554
2026-03-30T23:49:47.381874,0.223,0.313,0.001,0.543
2026-03-30T23:49:47.384616,0.205,0.31,0.0,0.547
2026-03-30T23:49:47.387353,0.201,0.315,0.0,0.552
2026-03-30T23:49:47.389983,0.21,0.314,0.0,0.565
2026-03-30T23:49:47.394145,0.2,0.312,0.0,0.571
2026-03-30T23:49:47.394292,0.191,0.311,0.0,0.561
2026-03-30T23:49:47.396799,0.206,0.309,0.0,0.573
2026-03-30T23:49:47.398270,0.22,0.309,0.004,0.573
2026-03-30T23:49:47.401005,0.217,0.304,0.002,0.576
2026-03-30T23:49:47.403914,0.239,0.313,0.0,0.562
2026-03-30T23:49:47.404044,0.242,0.32,0.0,0.568
2026-03-30T23:49:47.406645,0.225,0.322,0.0,0.56
2026-03-30T23:49:47.409371,0.235,0.322,0.0,0.558
2026-03-30T23:49:47.411992,0.245,0.323,0.0,0.546
2026-03-30T23:49:47.412092,0.243,0.326,0.0,0.55
2026-03-30T23:49:47.414910,0.241,0.322,0.0,0.544
2026-03-30T23:49:47.417718,0.233,0.309,0.0,0.515
2026-03-30T23:49:47.420300,0.23,0.309,0.0,0.515
2026-03-30T23:49:47.423163,0.225,0.305,0.0,0.512
2026-03-30T23:49:47.423271,0.23,0.305,0.0,0.508
2026-03-30T23:49:47.425882,0.237,0.301,0.002,0.511
2026-03-30T23:49:47.428676,0.242,0.301,0.007,0.508
2026-03-30T23:49:47.431470,0.256,0.308,0.001,0.518
2026-03-30T23:49:47.431616,0.24,0.309,0.003,0.529
2026-03-30T23:49:47.434267,0.231,0.298,0.0,0.565
2026-03-30T23:49:47.437007,0.231,0.297,0.0,0.585
2026-03-30T23:49:47.439795,0.235,0.295,0.0,0.606
2026-03-30T23:49:47.445635,0.243,0.296,0.01,0.618
2026-03-30T23:49:47.446980,0.22,0.297,0.011,0.619
2026-03-30T23:49:47.447487,0.227,0.302,0.012,0.632
2026-03-30T23:49:47.448220,0.232,0.299,0.015,0.65
2026-03-30T23:49:47.450713,0.237,0.304,0.018,0.658
2026-03-30T23:49:47.450819,0.211,0.315,0.0,0.649
2026-03-30T23:49:47.453466,0.206,0.313,0.0,0.647
2026-03-30T23:49:47.456521,0.206,0.313,0.0,0.637
2026-03-30T23:49:47.458983,0.227,0.312,0.0,0.644
2026-03-30T23:49:47.461842,0.226,0.313,0.0,0.639
2026-03-30T23:49:47.461966,0.22,0.314,0.001,0.639
2026-03-30T23:49:47.464586,0.222,0.318,0.009,0.633
2026-03-30T23:49:47.467283,0.228,0.319,0.014,0.637
2026-03-30T23:49:47.470006,0.207,0.309,0.0,0.696
2026-03-30T23:49:47.472835,0.206,0.31,0.0,0.695
2026-03-30T23:49:47.472947,0.202,0.318,0.0,0.689
2026-03-30T23:49:47.475545,0.201,0.309,0.0,0.683
2026-03-30T23:49:47.478371,0.205,0.302,0.0,0.683
2026-03-30T23:49:47.481235,0.202,0.31,0.0,0.683
2026-03-30T23:49:47.481342,0.206,0.309,0.004,0.683
2026-03-30T23:49:47.483872,0.199,0.309,0.008,0.675
2026-03-30T23:49:47.486711,0.21,0.317,0.0,0.643
2026-03-30T23:49:47.489570,0.21,0.31,0.0,0.654
